1
2
3
4
3
5
6
5
1
1
4
1
1
7
5
1
2
2
2
5
5
4
1
1
1
5
1
1
5
2
8
7
7
7
1
9
7
2
2
2
5
1
3
2
7
5
2
3
2
5
7
2
5
5
2
1
2
4
2
5
5
4
5
2
8
9
4
3
10
11
11
11
11
11
11
11
11
11
11
11
12
12
12
11
11
11
11
11
11
11
12
12
11
11
12
11
11
11
11
11
11
11
11
11
11
11
11
11
11
11
11
12
11
11
11
11
11
11
11
11
11
11
11
11
11
11
11
11
11
11
13
14
14
14
13
13
13
13
13
13
13
13
13
13
13
13
15
14
15
15
15
13
14
13
14
15
13
14
16
16
17
16
16
16
16
17
18
16
17
16
16
17
16
16
16
17
17
19
20
20
20
20
21
21
21
21
21
21
21
21
21
21
21
21
21
21
21
21
21
21
21
21
21
21
21
21
21
21
21
21
21
21
21
21
21
21
21
21
21
21
21
21
21
21
21
21
21
21
21
21
21
21
22
22
23
24
23
22
22
23
23
23
22
22
23
22
22
22
22
22
22
22
22
22
23
22
22
24
22
22
22
22
22
22
22
25
25
25
25
26
26
26
26
26
26
26
26
26
26
27
28
28
27
28
27
27
28
29
28
28
27
28
28
28
28
28
28
28
28
28
28
28
28
28
28
28
28
28
28
28
30
28
27
27
30
30
30
29
28
28
27
27
27
31
30
30
28
28
30
29
28
28
28
28
28
28
28
28
28
29
27
27
28
28
28
28
27
30
28
30
30
28
30
28
27
27
29
27
29
27
28
27
27
27
27
27
28
27
28
28
28
29
27
27
28
28
28
28
27
28
27
28
28
30
28
28
27
28
27
28
28
28
28
27
27
27
30
30
29
30
29
31
29
30
30
30
28
29
28
30
30
28
30
28
28
27
29
27
28
27
27
27
27
31
29
31
31
31
32
33
34
34
34
34
35
35
35
35
35
35
35
35
35
35
35
35
35
35
35
35
35
35
35
36
36
36
36
36
36
37
36
36
36
36
36
36
37
36
36
36
37
36
36
36
36
36
36
36
36
36
37
36
36
37
37
37
38
37
37
37
37
37
37
37
36
36
36
36
36
37
37
36
36
37
36
37
36
37
37
37
37
37
37
36
36
37
37
37
37
37
37
37
37
36
36
37
37
37
37
37
37
37
37
37
37
36
37
36
39
36
39
39
39
37
37
37
38
36
37
37
37
37
37
37
36
37
40
40
41
41
41
41
41
41
41
42
42
42
42
42
42
42
42
42
42
42
42
42
42
42
42
42
42
42
42
42
42
42
42
42
42
42
42
42
42
42
42
42
42
42
42
42
42
42
42
42
42
42
42
42
42
42
42
42
42
42
42
42
42
42
42
42
42
42
42
42
42
42
42
42
42
42
42
42
42
42
42
42
42
42
42
42
42
42
42
42
42
42
42
42
42
42
42
42
42
42
42
42
42
42
42
42
42
42
42
42
43
43
43
43
44
44
44
44
44
44
44
44
44
44
44
44
44
44
44
44
44
44
44
44
44
44
44
44
44
44
44
44
44
44
44
44
44
44
44
44
44
44
45
45
45
45
45
45
45
45
45
45
45
45
45
45
45
45
45
45
45
46
46
46
46
47
47
47
48
48
48
48
48
49
49
49
